1.	0.	0.	0.	0.	0.
0.9995	0.031400000000000004	0.	0.	-0.377	0.4083
0.998	0.0627	0.	0.	-0.7535000000000001	0.8162
0.9955	0.0941	0.	0.	-1.1293	1.2234
0.9921000000000001	0.1253	0.	0.	-1.504	1.6293
0.9876	0.1564	0.	0.	-1.8773000000000002	2.0336000000000003
0.9822000000000001	0.18730000000000002	0.	0.	-2.2486	2.4359
0.9759000000000001	0.21810000000000002	0.	0.	-2.6178	2.8358000000000003
0.9685	0.24860000000000002	0.	0.	-2.9843	3.2329000000000003
0.9602	0.27890000000000004	0.	0.	-3.3479	3.6268000000000002
0.9510000000000001	0.309	0.	-0.0001	-3.7083000000000004	4.0172
0.9408000000000001	0.3387	0.	0.	-4.064900000000001	4.4035
0.9297000000000001	0.36810000000000004	0.	0.	-4.4175	4.7856000000000005
0.9177000000000001	0.3971	0.	0.	-4.7658000000000005	5.1629000000000005
0.9048	0.4257	0.	0.	-5.1094	5.5351
0.891	0.4539	0.	0.	-5.447900000000001	5.901800000000001
0.8763000000000001	0.4817	0.	0.	-5.7811	6.262700000000001
0.8607	0.509	0.	0.	-6.1085	6.617500000000001
0.8443	0.5358	0.	0.	-6.430000000000001	6.9657
0.8270000000000001	0.562	0.	0.	-6.745100000000001	7.307
0.809	0.5877	0.	0.	-7.0535000000000005	7.6412
0.7901	0.6129	0.	-0.0001	-7.354900000000001	7.967700000000001
0.7705000000000001	0.6374000000000001	0.	-0.0001	-7.649100000000001	8.2865
0.7501	0.6613	0.	0.	-7.9358	8.597
0.7289	0.6845	0.	0.	-8.2146	8.8991
0.7071000000000001	0.7071000000000001	0.	-0.0001	-8.4853	9.192300000000001
0.6845	0.7289	0.	0.	-8.7477	9.4765
0.6613	0.7501	0.	0.	-9.0014	9.7514
0.6374000000000001	0.7705000000000001	0.	-0.0001	-9.2462	10.0166
0.6129	0.7901	0.	-0.0001	-9.481900000000001	10.272
0.5877	0.809	0.	0.	-9.708300000000001	10.5172
0.562	0.8270000000000001	0.	0.	-9.925	10.752
0.5358	0.8443	0.	0.	-10.132	10.9762
0.509	0.8607	0.	0.	-10.329	11.1896
0.4817	0.8763000000000001	0.	0.	-10.5157	11.3919
0.4539	0.891	0.	0.	-10.6921	11.583
0.4257	0.9048	0.	0.	-10.858	11.7627
0.3971	0.9177000000000001	0.	0.	-11.0131	11.930800000000001
0.36810000000000004	0.9297000000000001	0.	0.	-11.1574	12.087
0.3387	0.9408000000000001	0.	0.	-11.290600000000001	12.2314
0.309	0.9510000000000001	0.	-0.0001	-11.412700000000001	12.363700000000001
0.27890000000000004	0.9602	0.	0.	-11.5236	12.4838
0.24860000000000002	0.9685	0.	0.	-11.623000000000001	12.5915
0.21810000000000002	0.9759000000000001	0.	0.	-11.7111	12.686900000000001
0.18730000000000002	0.9822000000000001	0.	0.	-11.787500000000001	12.7697
0.1564	0.9876	0.	0.	-11.852300000000001	12.8399
0.1253	0.9921000000000001	0.	0.	-11.9054	12.897400000000001
0.0941	0.9955	0.	0.	-11.946800000000001	12.942300000000001
0.0627	0.998	0.	0.	-11.9764	12.974300000000001
0.031400000000000004	0.9995	0.	0.	-11.994100000000001	12.993500000000001
0.	1.	0.	0.	-12.	13.
-0.0315	0.9995	0.	0.	-11.994100000000001	12.993500000000001
-0.06280000000000001	0.998	0.	0.	-11.9764	12.974300000000001
-0.0942	0.9955	0.	0.	-11.946800000000001	12.942300000000001
-0.1254	0.9921000000000001	0.	0.	-11.9054	12.897400000000001
-0.1565	0.9876	0.	0.	-11.852300000000001	12.8399
-0.1874	0.9822000000000001	0.	0.	-11.787500000000001	12.7697
-0.2182	0.9759000000000001	0.	0.	-11.7111	12.686900000000001
-0.2487	0.9685	0.	0.	-11.623000000000001	12.5915
-0.279	0.9602	0.	0.	-11.5236	12.4838
-0.30910000000000004	0.9510000000000001	0.	-0.0001	-11.412700000000001	12.363700000000001
-0.3388	0.9408000000000001	0.	0.	-11.290600000000001	12.2314
-0.3682	0.9297000000000001	0.	0.	-11.1574	12.087
-0.3972	0.9177000000000001	0.	0.	-11.0131	11.930800000000001
-0.4258	0.9048	0.	0.	-10.858	11.7627
-0.454	0.891	0.	0.	-10.6921	11.583
-0.4818	0.8763000000000001	0.	0.	-10.5157	11.3919
-0.5091	0.8607	0.	0.	-10.329	11.1896
-0.5359	0.8443	0.	0.	-10.132	10.9762
-0.5621	0.8270000000000001	0.	0.	-9.925	10.752
-0.5878	0.809	0.	0.	-9.708300000000001	10.5172
-0.613	0.7901	0.	-0.0001	-9.481900000000001	10.272
-0.6375000000000001	0.7705000000000001	0.	-0.0001	-9.2462	10.0166
-0.6614	0.7501	0.	0.	-9.0014	9.7514
-0.6846	0.7289	0.	0.	-8.7477	9.4765
-0.7072	0.7071000000000001	0.	-0.0001	-8.4853	9.192300000000001
-0.729	0.6845	0.	0.	-8.2146	8.8991
-0.7502000000000001	0.6613	0.	0.	-7.9358	8.597
-0.7706000000000001	0.6374000000000001	0.	-0.0001	-7.649100000000001	8.2865
-0.7902	0.6129	0.	-0.0001	-7.354900000000001	7.967700000000001
-0.8091	0.5877	0.	0.	-7.0535000000000005	7.6412
-0.8271000000000001	0.562	0.	0.	-6.745100000000001	7.307
-0.8444	0.5358	0.	0.	-6.430000000000001	6.9657
-0.8608	0.509	0.	0.	-6.1085	6.617500000000001
-0.8764000000000001	0.4817	0.	0.	-5.7811	6.262700000000001
-0.8911	0.4539	0.	0.	-5.447900000000001	5.901800000000001
-0.9049	0.4257	0.	0.	-5.1094	5.5351
-0.9178000000000001	0.3971	0.	0.	-4.7658000000000005	5.1629000000000005
-0.9298000000000001	0.36810000000000004	0.	0.	-4.4175	4.7856000000000005
-0.9409000000000001	0.3387	0.	0.	-4.064900000000001	4.4035
-0.9511000000000001	0.309	0.	-0.0001	-3.7083000000000004	4.0172
-0.9603	0.27890000000000004	0.	0.	-3.3479	3.6268000000000002
-0.9686	0.24860000000000002	0.	0.	-2.9843	3.2329000000000003
-0.9760000000000001	0.21810000000000002	0.	0.	-2.6178	2.8358000000000003
-0.9823000000000001	0.18730000000000002	0.	0.	-2.2486	2.4359
-0.9877	0.1564	0.	0.	-1.8773000000000002	2.0336000000000003
-0.9922000000000001	0.1253	0.	0.	-1.504	1.6293
-0.9956	0.0941	0.	0.	-1.1293	1.2234
-0.9981000000000001	0.0627	0.	0.	-0.7535000000000001	0.8162
-0.9996	0.031400000000000004	0.	0.	-0.377	0.4083
-1.	0.	0.	0.	0.	0.