 0.10000   0.00000
  0.12589   0.00000
  0.15849   0.00000
  0.19953   0.00000
  0.25119   0.00000
  0.31623   0.00000
  0.39811   0.00000
  0.50119   0.00000
  0.63096   0.02441
  0.79433   0.11035
  1.00000   0.21387
  1.25893   0.30762
  1.58489   0.39746
  1.99526   0.47754
  2.51189   0.55176
  3.16228   0.62012
  3.98107   0.68066
  5.01187   0.73340
  6.30957   0.77832
  7.94328   0.81738
 10.00000   0.85059
 12.58925   0.87793
 15.84893   0.90137
 19.95262   0.92090
 25.11886   0.93652
 31.62278   0.94824
 39.81072   0.95801
 50.11872   0.96777
 63.09573   0.97363
 79.43282   0.97949
100.00000   0.98340